{
    "markerSize": 5,
    "maxCorrectionBits": 2,
    "bytesList": {
        "type_id": "opencv-matrix",
        "rows": 1000,
        "cols": 4,
        "dt": "4u",
        "data": [ 234, 29, 150, 0, 145, 43, 249, 0, 52, 220, 43, 1, 79,
            234, 68, 1, 211, 100, 62, 1, 93, 147, 154, 1, 190, 19, 101,
            1, 172, 228, 221, 0, 101, 173, 48, 0, 19, 185, 7, 0, 6, 90,
            211, 0, 112, 78, 228, 0, 34, 209, 120, 0, 82, 164, 193, 1,
            15, 69, 162, 0, 193, 146, 165, 0, 231, 135, 78, 0, 35, 55,
            157, 1, 57, 112, 243, 1, 220, 246, 98, 0, 192, 249, 138, 1,
            74, 11, 107, 1, 168, 207, 129, 1, 235, 104, 41, 0, 104, 149,
            77, 1, 139, 101, 81, 1, 217, 84, 139, 0, 197, 83, 104, 1, 10,
            183, 118, 1, 187, 134, 211, 0, 183, 118, 168, 0, 101, 176,
            238, 1, 214, 60, 109, 0, 5, 205, 222, 1, 91, 30, 53, 1, 189,
            217, 208, 0, 183, 8, 141, 1, 12, 120, 188, 1, 216, 136, 118,
            1, 158, 143, 24, 0, 64, 32, 90, 0, 16, 7, 2, 1, 45, 2, 1, 0,
            160, 112, 4, 0, 234, 130, 88, 1, 186, 37, 136, 1, 141, 32,
            171, 1, 136, 210, 46, 1, 133, 46, 71, 0, 33, 94, 30, 0, 113,
            58, 80, 1, 60, 61, 66, 0, 231, 98, 151, 0, 112, 115, 190, 0,
            116, 163, 115, 1, 62, 231, 7, 0, 186, 72, 250, 0, 212, 174,
            168, 1, 47, 137, 46, 1, 138, 186, 149, 1, 68, 20, 119, 1, 25,
            199, 84, 0, 247, 20, 17, 0, 21, 113, 204, 0, 118, 153, 223,
            1, 30, 111, 245, 1, 253, 204, 183, 0, 215, 251, 60, 0, 23,
            57, 122, 1, 28, 158, 199, 1, 175, 78, 116, 0, 241, 188, 156,
            0, 153, 17, 32, 0, 132, 144, 73, 0, 2, 68, 76, 1, 73, 4, 144,
            1, 127, 112, 10, 1, 204, 51, 198, 1, 168, 7, 127, 0, 177,
            230, 25, 1, 19, 214, 239, 0, 103, 214, 240, 1, 123, 181, 228,
            0, 135, 181, 243, 0, 222, 105, 195, 0, 196, 79, 175, 0, 97,
            203, 61, 1, 122, 249, 17, 1, 210, 87, 213, 0, 117, 69, 249,
            0, 85, 245, 37, 1, 79, 209, 87, 0, 155, 26, 78, 0, 164, 30,
            216, 1, 57, 44, 108, 1, 141, 188, 18, 1, 161, 163, 182, 1,
            58, 178, 59, 0, 182, 226, 194, 1, 110, 38, 174, 0, 173, 235,
            142, 0, 226, 58, 63, 1, 56, 235, 218, 1, 254, 46, 35, 1, 52,
            142, 190, 0, 55, 170, 52, 1, 62, 184, 150, 0, 150, 42, 246,
            0, 124, 89, 109, 0, 196, 237, 85, 1, 91, 77, 31, 0, 213, 91,
            145, 1, 236, 57, 187, 0, 144, 235, 111, 1, 110, 206, 27, 1,
            251, 107, 132, 1, 234, 175, 249, 0, 179, 237, 171, 1, 79,
            250, 171, 1, 234, 219, 230, 1, 160, 179, 209, 0, 50, 100,
            107, 0, 69, 230, 130, 1, 107, 19, 38, 0, 170, 0, 197, 0, 128,
            100, 184, 0, 81, 128, 42, 1, 14, 147, 0, 1, 72, 201, 6, 0,
            194, 11, 17, 0, 48, 73, 137, 0, 68, 104, 33, 1, 126, 225,
            172, 1, 206, 161, 183, 1, 154, 195, 191, 0, 246, 194, 185, 1,
            180, 98, 124, 1, 124, 164, 30, 1, 159, 35, 22, 1, 188, 18,
            159, 0, 59, 79, 67, 1, 237, 126, 129, 0, 225, 121, 110, 0,
            64, 191, 91, 1, 73, 252, 221, 1, 219, 93, 114, 1, 221, 159,
            201, 0, 167, 93, 109, 1, 95, 198, 140, 0, 231, 17, 180, 1,
            24, 177, 253, 0, 150, 196, 115, 1, 156, 193, 197, 1, 206, 68,
            61, 0, 209, 193, 156, 1, 94, 17, 57, 1, 129, 30, 162, 1, 41,
            154, 104, 0, 162, 188, 64, 1, 11, 44, 202, 0, 217, 183, 163,
            1, 175, 211, 107, 0, 226, 246, 205, 1, 107, 101, 250, 1, 224,
            140, 202, 0, 3, 47, 40, 1, 41, 152, 131, 1, 138, 122, 96, 0,
            208, 5, 120, 1, 29, 133, 9, 1, 143, 80, 5, 1, 200, 80, 220,
            0, 4, 167, 181, 0, 51, 192, 55, 0, 86, 242, 144, 0, 118, 1,
            230, 0, 224, 101, 147, 1, 89, 99, 43, 0, 228, 211, 3, 1, 106,
            99, 77, 0, 248, 179, 12, 0, 166, 33, 91, 1, 24, 102, 143, 1,
            237, 66, 50, 1, 203, 247, 90, 0, 243, 23, 203, 1, 45, 119,
            233, 1, 233, 244, 103, 1, 64, 139, 192, 1, 42, 13, 33, 0,
            129, 232, 129, 0, 66, 88, 42, 0, 219, 140, 160, 0, 135, 153,
            168, 0, 2, 152, 237, 1, 10, 204, 240, 1, 34, 150, 132, 0, 35,
            32, 240, 0, 16, 180, 162, 0, 7, 130, 98, 0, 255, 141, 84, 1,
            159, 61, 157, 0, 149, 88, 255, 1, 92, 222, 124, 1, 232, 52,
            112, 0, 145, 165, 74, 0, 7, 22, 11, 1, 41, 82, 196, 1, 89,
            218, 242, 0, 246, 159, 96, 0, 39, 173, 205, 0, 3, 124, 183,
            1, 126, 64, 80, 0, 212, 37, 132, 0, 5, 1, 63, 0, 16, 210, 21,
            1, 87, 47, 179, 0, 53, 219, 167, 0, 102, 250, 117, 0, 114,
            237, 214, 0, 143, 143, 194, 1, 171, 30, 173, 0, 161, 248,
            248, 1, 90, 188, 106, 1, 185, 187, 119, 0, 182, 254, 91, 0,
            119, 110, 206, 1, 109, 63, 182, 1, 161, 197, 97, 0, 67, 244,
            9, 0, 67, 81, 194, 1, 72, 23, 225, 0, 6, 109, 18, 1, 89, 10,
            135, 0, 164, 91, 48, 0, 112, 168, 77, 0, 87, 2, 252, 1, 60,
            149, 180, 1, 159, 160, 117, 0, 150, 212, 158, 0, 194, 225,
            100, 0, 66, 133, 155, 0, 19, 67, 161, 1, 108, 208, 161, 0,
            138, 111, 11, 0, 225, 74, 139, 1, 104, 123, 40, 1, 232, 169,
            67, 1, 79, 156, 190, 0, 147, 155, 244, 1, 62, 156, 249, 0,
            151, 236, 228, 1, 89, 69, 231, 1, 205, 215, 49, 0, 243, 209,
            77, 0, 70, 117, 217, 1, 90, 126, 6, 0, 229, 11, 210, 0, 48,
            63, 45, 0, 37, 232, 83, 1, 195, 45, 223, 1, 25, 95, 187, 1,
            253, 218, 97, 1, 238, 253, 76, 0, 119, 201, 178, 1, 94, 187,
            165, 0, 166, 201, 247, 0, 82, 238, 189, 0, 54, 134, 93, 1,
            63, 100, 148, 1, 221, 48, 182, 0, 148, 147, 126, 0, 221, 34,
            72, 0, 164, 21, 14, 1, 9, 34, 93, 1, 184, 84, 18, 1, 203,
            162, 207, 0, 162, 87, 186, 1, 121, 162, 233, 1, 174, 245, 34,
            1, 67, 143, 101, 0, 35, 221, 145, 0, 83, 120, 225, 0, 68,
            221, 226, 0, 8, 74, 57, 0, 240, 200, 0, 1, 78, 41, 8, 0, 128,
            9, 135, 1, 231, 35, 232, 0, 32, 181, 175, 1, 11, 226, 115, 1,
            250, 214, 130, 0, 150, 154, 234, 1, 46, 142, 236, 1, 171,
            172, 180, 1, 155, 184, 186, 0, 0, 106, 170, 1, 104, 138, 34,
            1, 170, 171, 0, 0, 162, 40, 139, 0, 61, 26, 250, 1, 188, 190,
            100, 1, 175, 172, 94, 0, 147, 62, 158, 1, 248, 75, 26, 0,
            244, 43, 9, 1, 44, 105, 15, 1, 200, 106, 23, 1, 197, 42, 132,
            1, 40, 25, 62, 0, 144, 170, 81, 1, 62, 76, 10, 0, 203, 4, 67,
            0, 129, 87, 136, 0, 97, 16, 105, 1, 8, 245, 64, 1, 31, 96,
            239, 0, 196, 214, 182, 1, 123, 131, 124, 0, 182, 181, 145, 1,
            45, 161, 68, 1, 138, 52, 23, 0, 145, 66, 218, 0, 116, 22, 40,
            1, 181, 129, 186, 0, 22, 178, 45, 1, 46, 192, 214, 1, 218,
            38, 180, 0, 101, 30, 35, 0, 33, 251, 68, 0, 98, 60, 83, 0,
            17, 111, 194, 0, 77, 248, 74, 0, 194, 31, 70, 1, 41, 15, 217,
            0, 177, 124, 33, 1, 143, 239, 104, 0, 227, 156, 143, 1, 11,
            123, 248, 1, 248, 156, 227, 1, 219, 212, 121, 0, 215, 213,
            200, 1, 79, 21, 237, 1, 137, 213, 245, 1, 84, 152, 2, 0, 6,
            11, 68, 0, 32, 12, 149, 0, 17, 104, 48, 0, 14, 204, 39, 1,
            203, 202, 148, 0, 242, 25, 184, 0, 20, 169, 233, 1, 216, 72,
            75, 1, 204, 79, 8, 1, 233, 9, 13, 1, 136, 121, 25, 1, 233,
            71, 100, 1, 233, 181, 25, 0, 147, 113, 75, 1, 76, 86, 203, 1,
            154, 223, 217, 1, 255, 76, 233, 1, 205, 253, 172, 1, 203,
            153, 127, 1, 140, 41, 110, 0, 128, 142, 31, 1, 59, 74, 24, 1,
            252, 56, 128, 1, 61, 171, 149, 0, 182, 120, 55, 0, 84, 234,
            222, 0, 118, 15, 54, 1, 10, 115, 129, 0, 224, 64, 227, 0, 64,
            231, 40, 0, 99, 129, 3, 1, 42, 27, 194, 0, 160, 46, 225, 0,
            33, 236, 42, 0, 67, 186, 2, 1, 186, 197, 29, 1, 223, 96, 153,
            1, 220, 81, 174, 1, 204, 131, 125, 1, 68, 132, 141, 1, 11,
            65, 52, 1, 216, 144, 145, 0, 150, 65, 104, 0, 177, 146, 67,
